matrixA = [1383 886 777 915; 1793 335 1386 492; 649 1421 362 27; 690 59 1763 1926]
matrixB = [540 1426 1172 1736; 1211 1368 567 429; 1782 1530 862 1123; 67 1135 1929 1802]
matrixC = matrixA*matrixB